685300,22020096,12804744,34824840
1003872100,5316600,13140568,18457168
2006234900,6365176,13290952,19656128
3007795600,6365176,13420248,19785424
4018687500,7413752,13526672,20940424
5022644400,7413752,13614152,21027904
6036933400,8462328,13708768,22171096
7038795400,9510904,13772976,23283880
8041769100,9510904,13865400,23376304
9057152600,10559480,13943080,24502560
10067531000,10559480,14043864,24603344
11069771800,11608056,14149720,25757776
12072751400,11608056,14207792,25815848
13075871100,12656632,14316896,26973528
14077485100,13705208,14392952,28098160
15079070000,13705208,14443712,28148920
16092436100,14753784,14492792,29246576
17093129600,14753784,14518032,29271816
18095968600,15802360,14581984,30384344
19097311000,15802360,14597824,30400184
20099489200,16850936,14647248,31498184
21104842400,17899512,14673536,32573048
22116379200,17899512,14702576,32602088
23120347800,18948088,14718360,33666448
24125710200,19996664,14771752,34768416
25139259800,19996664,14818784,34815448
26148252000,21045240,14968208,36013448
27160398200,21045240,15048848,36094088
28170702300,22093816,15057488,37151304
29185715900,23142392,15065208,38207600
30194793200,23142392,15080360,38222752
31197634400,24190968,15080360,39271328
32199473600,24190968,15091720,39282688
33203666100,25239544,15131688,40371232
34212957400,25239544,15138960,40378504
35223264300,26288120,15146512,41434632
36242876900,27336696,15183040,42519736
37244207500,27336696,15207168,42543864
38252539300,28385272,15295384,43680656
39256893600,28385272,15346360,43731632
40259455700,29433848,15351888,44785736
41266925500,29433848,15362952,44796800
42275791700,30482424,15367640,45850064
43289597300,30482424,15397800,45880224
44292316800,31531000,15397800,46928800
45297648300,4780352,15429528,20209880
46312594500,6877504,15465216,22342720
47326916200,6877504,15488656,22366160
48331398900,7926080,15505936,23432016
49342397400,7926080,15563040,23489120
50346041200,8974656,15571872,24546528
51347221000,8974656,15574176,24548832
52350868500,10023232,15618872,25642104
53362158300,11071808,15631016,26702824
54377279000,12120384,15632624,27753008
55382434500,12120384,15654320,27774704
56389558800,13168960,15693872,28862832
57391285100,13168960,15769768,28938728
58397979700,14217536,15769768,29987304
59407043800,14217536,15770920,29988456
60410928000,15266112,15881864,31147976
61414100200,15266112,15907936,31174048
10700,9139968,16122432,25262400
1001229900,10188544,16133696,26322240
2015890500,10188544,16145216,26333760
3022787200,4301536,16274880,20576416
4023039700,5350112,16329448,21679560
5025403500,5350112,16330472,21680584
6025979900,6398688,16345056,22743744
7026307400,6398688,16365152,22763840
8041711800,7447264,16374752,23822016
9044254200,8495840,16378800,24874640
10058450500,8495840,16379696,24875536
11069744700,9544416,16382768,25927184
12084705000,10592992,16396776,26989768
13092589300,10592992,16401368,26994360
14097709600,11641568,16408224,28049792
15101696000,11641568,16408224,28049792
16101775500,4256696,16408224,20664920
17116411600,4256696,16419424,20676120
18117835700,5305272,16423520,21728792
19120834400,6353848,16423520,22777368
20132949000,6353848,16479880,22833728
21135535100,7402424,16479880,23882304
22138841000,7402424,16481928,23884352
23147578800,8451000,16484488,24935488
24149532000,8451000,16488072,24939072
25157473000,9499576,16509160,26008736
26163745700,9499576,16511848,26011424
27165661200,10548152,16517480,27065632
28167848500,11596728,16519400,28116128
29181286800,11596728,16519400,28116128
30183965600,12645304,16521480,29166784
31184458500,12645304,16522376,29167680
32197857600,12645304,16524168,29169472
33212973500,4261864,16526088,20787952
34222087100,4261864,16526088,20787952
35228116500,5310440,16531656,21842096
36230810300,5310440,16571688,21882128
37231662300,6359016,16574120,22933136
38236887800,7407592,16574888,23982480
39247408500,7407592,16581552,23989144
40260101700,8456168,16636024,25092192
41274062600,8456168,16636024,25092192
42279856900,9504744,16652144,26156888
43294816400,9504744,16654320,26159064
44305931600,10553320,16654320,27207640
45315654600,10553320,16654320,27207640
46326815300,11601896,16654320,28256216
47342163100,12650472,16656784,29307256
48344225600,12650472,16657552,29308024
49346194700,4273240,16661264,20934504
50356720000,4273240,16661264,20934504
51366423000,5321816,16662416,21984232
52378943400,5321816,16667024,21988840
53381352100,6370392,16668048,23038440
54389990700,7418968,16668048,24087016
55393020100,7418968,16668048,24087016
56402619800,8467544,16678032,25145576
57418226800,8467544,16678032,25145576
58425936300,9516120,16734056,26250176
59436914500,9516120,16734056,26250176
60439365000,10564696,16757664,27322360
61452834600,10564696,16762096,27326792
9600,9142560,16921320,26063880
1008481900,4248248,16933480,21181728
2008743400,4248248,16933480,21181728
3019240900,5296824,16941288,22238112
4028687100,5296824,16946888,22243712
5031591600,6345400,16946888,23292288
6041873600,6345400,16951504,23296904
7048951900,7393976,16953680,24347656
8057395900,8442552,16999128,25441680
9062300000,8442552,17004248,25446800
10072017900,9491128,17005272,26496400
11078364600,9491128,17005272,26496400
12081021300,4248424,17016152,21264576
13093894300,4248424,17016152,21264576
14107557900,5297000,17018968,22315968
15111992600,6345576,17037656,23383232
16112828400,6345576,17040088,23385664
17121503700,7394152,17040088,24434240
18125348000,7394152,17040984,24435136
19131601000,8442728,17041880,25484608
20141333800,8442728,17041880,25484608
21144200000,9491304,17042648,26533952
22154675600,9491304,17042648,26533952
23168789400,4231112,17051480,21282592
24175669100,5279688,17051480,22331168
25180644000,5279688,17051480,22331168
26186297100,6328264,17051480,23379744
27192743500,6328264,17053528,23381792
28205706700,7376840,17054552,24431392
29218636400,7376840,17069632,24446472
30229434400,8425416,17069632,25495048
31237525800,8425416,17069632,25495048
32247677300,9473992,17070400,26544392
33262158300,4266256,17071680,21337936
34265831300,4266256,17071680,21337936
35268241200,5314832,17071680,22386512
36269003900,5314832,17073728,22388560
37270558300,6363408,17076416,23439824
38282534700,6363408,17089232,23452640
39286981500,7411984,17094096,24506080
40288479200,7411984,17094096,24506080
41302130200,8460560,17101008,25561568
42308507700,9509136,17111888,26621024
43321827800,9509136,17112912,26622048
44334135800,4246592,17115472,21362064
45341643100,4246592,17115472,21362064
46347474400,5295168,17116752,22411920
47350083700,5295168,17116752,22411920
48353831100,6343744,17116752,23460496
49367860200,6343744,17116752,23460496
50369643900,7392320,17121360,24513680
51382379700,8440896,17121360,25562256
52383868000,8440896,17121360,25562256
53384878700,9489472,17121360,26610832
54386007900,9489472,17121360,26610832
55389888500,4261528,17121360,21382888
56391938600,4261528,17121360,21382888
57406625800,5310104,17121360,22431464
58413430300,5310104,17121360,22431464
59416018800,6358680,17122128,23480808
60418412500,7407256,17136592,24543848
61432530200,7407256,17144872,24552128
9500,9144016,17302216,26446232
194600,4258304,12809096,17067400
1007104000,4245400,17357248,21602648
1006961300,5306880,13191704,18498584
2012013400,4245400,17367104,21612504
2012949000,6355456,13335016,19690472
3012718200,5293976,17367104,22661080
4015091000,5293976,17368640,22662616
3015606200,7404032,13466152,20870184
5015468100,6342552,17368640,23711192
4016968500,7404032,13596224,21000256
5026195100,8452608,13754040,22206648
6025914600,6342552,17368640,23711192
7031985200,7391128,17368640,24759768
6032485900,9501184,13825072,23326256
7038340100,9501184,13858760,23359944
8038236700,8439704,17372480,25812184
9044997700,8439704,17387080,25826784
8045378700,10549760,14009472,24559232
9051909700,10549760,14047288,24597048
10051519900,9488280,17387080,26875360
11052426800,9488280,17387080,26875360
10052890600,11598336,14087480,25685816
11067107600,12646912,14204952,26851864
12066755500,4252672,17442896,21695568
13069158200,4252672,17442896,21695568
12069461300,12646912,14302560,26949472
14073535700,5301248,17445784,22747032
13073921500,13695488,14395512,28091000
15088691300,6349824,17445784,23795608
14089114100,13695488,14475464,28170952
16089373200,6349824,17455808,23805632
15090014600,14744064,14545880,29289944
17090623000,7398400,17473856,24872256
16091086100,15792640,14600720,30393360
18091697200,7398400,17473856,24872256
17092119500,15792640,14609120,30401760
19105454100,8446976,17473856,25920832
18105896000,15792640,14674456,30467096
20110358000,8446976,17473856,25920832
19110773800,16841216,14693496,31534712
21113599600,9495552,17476160,26971712
22114352600,9495552,17476160,26971712
23121652300,4255624,17476160,21731784
