11898800,0,0,0
1014059000,62500000,0,62500000
2014291600,78125000,0,78125000
3015124200,78125000,0,78125000
4020258100,78125000,15625000,93750000
5033944300,93750000,15625000,109375000
6037962400,93750000,15625000,109375000
7053299400,109375000,15625000,125000000
8060473300,109375000,15625000,125000000
9073821600,109375000,15625000,125000000
10084117900,109375000,15625000,125000000
11085662200,109375000,15625000,125000000
12089330400,109375000,15625000,125000000
13092317200,125000000,15625000,140625000
14093517400,125000000,31250000,156250000
15094479100,125000000,31250000,156250000
16108969700,140625000,31250000,171875000
17109612200,140625000,31250000,171875000
18115718800,140625000,31250000,171875000
19123269900,140625000,46875000,187500000
20131523400,140625000,46875000,187500000
21136816600,140625000,46875000,187500000
22148513800,156250000,46875000,203125000
23152417800,171875000,46875000,218750000
24157753000,171875000,46875000,218750000
25171333400,187500000,46875000,234375000
26180379200,187500000,46875000,234375000
27192499800,187500000,46875000,234375000
28202780800,203125000,46875000,250000000
29217829600,203125000,46875000,250000000
30226840400,203125000,46875000,250000000
31229772900,203125000,62500000,265625000
32231616900,203125000,62500000,265625000
33235801900,203125000,62500000,265625000
34245038700,218750000,62500000,281250000
35255315200,218750000,62500000,281250000
36275020100,218750000,78125000,296875000
37276331200,218750000,78125000,296875000
38284597800,234375000,78125000,312500000
39288983700,234375000,93750000,328125000
40291597800,234375000,109375000,343750000
41299052400,234375000,109375000,343750000
42307914400,250000000,109375000,359375000
43321698000,250000000,109375000,359375000
44324423800,265625000,109375000,375000000
45329783000,265625000,109375000,375000000
46344705800,281250000,109375000,390625000
47359007800,281250000,109375000,390625000
48363488900,281250000,109375000,390625000
49374494100,281250000,109375000,390625000
50378175400,296875000,109375000,406250000
51379288100,296875000,109375000,406250000
52382926000,312500000,109375000,421875000
53394293700,328125000,109375000,437500000
54409311700,328125000,109375000,437500000
55414538100,328125000,109375000,437500000
56421661300,328125000,109375000,437500000
57423402100,328125000,109375000,437500000
58430061800,328125000,109375000,437500000
59439175700,328125000,109375000,437500000
60442999800,343750000,109375000,453125000
79300,0,0,0
1003201400,0,0,0
2017867700,15625000,0,15625000
3024759600,15625000,0,15625000
4025023800,15625000,0,15625000
5027393100,15625000,0,15625000
6027878100,15625000,0,15625000
7028244900,15625000,0,15625000
8043668600,15625000,0,15625000
9046214700,15625000,0,15625000
10060461300,15625000,0,15625000
11071736900,15625000,0,15625000
12086690900,15625000,0,15625000
13094489600,31250000,0,31250000
14099683900,31250000,0,31250000
15103718900,31250000,0,31250000
16103790600,46875000,0,46875000
17118386900,46875000,0,46875000
18119818000,62500000,0,62500000
19122808900,62500000,0,62500000
20134938900,62500000,0,62500000
21137541200,62500000,0,62500000
22140809800,78125000,0,78125000
23149583600,78125000,0,78125000
24151516900,78125000,0,78125000
25159496000,78125000,0,78125000
26165756800,78125000,0,78125000
27167650200,78125000,0,78125000
28169842200,78125000,0,78125000
29183246700,78125000,0,78125000
30185939700,78125000,0,78125000
31186409100,78125000,0,78125000
32200065200,78125000,0,78125000
33214897700,78125000,0,78125000
34223987500,78125000,0,78125000
35230098500,93750000,0,93750000
36232751900,93750000,0,93750000
37233593300,93750000,0,93750000
38238819800,93750000,15625000,109375000
39249395000,109375000,15625000,125000000
40262102300,109375000,15625000,125000000
41276018000,109375000,15625000,125000000
42281748000,109375000,15625000,125000000
43296746900,109375000,31250000,140625000
44307594200,125000000,31250000,156250000
45317615200,125000000,31250000,156250000
46328762900,125000000,31250000,156250000
47344159800,140625000,31250000,171875000
48346161200,140625000,31250000,171875000
49348103600,156250000,31250000,187500000
50358690600,156250000,31250000,187500000
51368276000,156250000,31250000,187500000
52380864000,156250000,31250000,187500000
53383211600,156250000,31250000,187500000
54391903200,156250000,31250000,187500000
55394945400,171875000,31250000,203125000
56404580800,187500000,31250000,218750000
57420193100,187500000,31250000,218750000
58427905100,187500000,31250000,218750000
59438882900,187500000,31250000,218750000
60441353300,187500000,31250000,218750000
72400,0,0,0
1010310500,15625000,0,15625000
2010597900,31250000,0,31250000
3021040400,31250000,0,31250000
4030268700,31250000,0,31250000
5033389200,31250000,0,31250000
6043728300,46875000,0,46875000
7050800000,46875000,0,46875000
8059278100,46875000,0,46875000
9064184100,46875000,0,46875000
10073539100,46875000,0,46875000
11080146800,46875000,0,46875000
12082847800,62500000,0,62500000
13095723500,62500000,0,62500000
14109382400,78125000,0,78125000
15113810900,93750000,0,93750000
16114637500,109375000,0,109375000
17123344000,109375000,0,109375000
18127216500,109375000,0,109375000
19133432500,109375000,0,109375000
20143191900,109375000,0,109375000
21145974900,109375000,0,109375000
22156167700,109375000,0,109375000
23170631300,109375000,0,109375000
24177497900,109375000,0,109375000
25182460100,109375000,0,109375000
26188110700,109375000,0,109375000
27194601000,125000000,0,125000000
28207513800,125000000,0,125000000
29220477600,140625000,0,140625000
30231254800,156250000,0,156250000
31239315800,156250000,0,156250000
32249527700,171875000,0,171875000
33263999300,171875000,0,171875000
34267589900,171875000,0,171875000
35270042400,187500000,0,187500000
36270795600,187500000,15625000,203125000
37272409500,203125000,15625000,218750000
38284219300,203125000,15625000,218750000
39288739800,218750000,15625000,234375000
40290323200,218750000,15625000,234375000
41303979700,218750000,15625000,234375000
42310310300,218750000,15625000,234375000
43323632400,234375000,15625000,250000000
44335985100,234375000,15625000,250000000
45343505900,234375000,15625000,250000000
46349320900,234375000,15625000,250000000
47351913600,234375000,15625000,250000000
48355659800,234375000,15625000,250000000
49369734800,234375000,15625000,250000000
50371531600,234375000,15625000,250000000
51384239100,234375000,15625000,250000000
52385698400,234375000,15625000,250000000
53386759200,234375000,15625000,250000000
54387845200,234375000,15625000,250000000
55391728600,250000000,15625000,265625000
56393712900,265625000,15625000,281250000
57408439300,281250000,15625000,296875000
58415302300,296875000,15625000,312500000
59417854300,296875000,15625000,312500000
60420258500,296875000,15625000,312500000
292200,0,0,0
1008932300,0,0,0
49498300,15625000,0,15625000
2013698400,0,0,0
1061378100,15625000,0,15625000
3014270600,0,0,0
2065666500,31250000,0,31250000
4016864700,0,0,0
3068558700,46875000,0,46875000
5017182400,0,0,0
4072715300,46875000,0,46875000
6027515800,0,0,0
5076365200,62500000,0,62500000
7033761400,0,0,0
6081863400,62500000,0,62500000
8039908200,0,0,0
7097672800,78125000,0,78125000
9046629700,0,0,0
8113430400,93750000,0,93750000
10053285000,0,0,0
9118157300,109375000,0,109375000
11054242100,0,0,0
10118715400,125000000,0,125000000
12068490100,0,0,0
11133719500,140625000,0,140625000
13070920400,0,0,0
12135782500,156250000,15625000,171875000
14075415200,0,0,0
13139419700,171875000,15625000,187500000
15090379200,0,0,0
14154159800,187500000,15625000,203125000
16091155400,0,0,0
15157058000,187500000,31250000,218750000
17092408100,0,0,0
16163369300,187500000,31250000,218750000
18093414800,0,0,0
17163991500,203125000,31250000,234375000
19107159700,0,15625000,15625000
18175127800,203125000,31250000,234375000
20112042900,0,15625000,15625000
19182224200,203125000,46875000,250000000
21115374200,0,15625000,15625000
22116056500,0,15625000,15625000
23123301800,15625000,15625000,31250000
